-95820
41003
-38768
-50002
96541
-91251
-50200
65742
-80207
27697
98010
97135
-94720
54151
40680
-74938
-23433
-14772
2331
57397
-12602
35199
31760
-24904
2770
99721
51029
48840
69277
-13584
1376
8456
32087
-97869
-8411
82724
-66726
-52837
-61415
80941
59423
-79335
11647
-72096
-14267
70703
27240
32431
41634
39716
-99626
-34288
74894
-69503
18575
12121
38129
74703
-15226
7598
-77594
-74975
99374
-34759
99989
-93807
-11420
20941
-10726
26718
-12470
-83572
-43133
86134
-11619
-34713
-31638
46373
-61501
-29680
-64873
64467
-9153
42146
18158
-36960
22801
22311
42454
-7415
46654
94439
49157
40864
-98672
-93878
26458
47987
36933
-67545
-94767
-85548
-4896
53600
-90965
4028
-19367
54927
-21782
-37058
51987
-16487
79282
72916
-50524
-959
12195
-43508
73882
57032
86487
-98591
87374
5442
651
92036
-41685
-66987
37653
12496
-10615
89443
-25166
-760
83726
94109
45634
42846
72863
93312
-11989
4779
16363
41712
-65066
-47879
58693
-20554
-94317
59433
21463
-64071
-14895
81701
25311
-23721
11023
-17299
24129
66916
46771
-62534
-74921
57198
-8542
-933
36828
-4070
-50621
-91757
-53539
33353
59528
-85484
25670
60151
-71716
-85621
78695
69354
-62849
-13335
-83317
-8532
57847
88930
30177
-96261
-38989
-22203
-3934
-1485
-72517
-22847
-88933
59238
69678
-19220
-56886
-11815
34815
-4474
-53929
47763
-8582
30651
-48200
65494
78885
-71471
-93474
10983
62214
-3485
5844
35850
32862
83909
-2755
48599
-71239
-56935
-54482
10251
-18605
8879
98264
-92884
70766
1920
58848
6884
27753
-11526
-54069
-53185
-90656
53297
27760
5029
87163
-18910
-22086
-91425
-48651
51411
41087
-97557
50452
13624
26963
53458
-17738
-99949
16237
55942
7025
-30010
93458
97449
77266
-72128
45970
85572
-99046
15852
40350
77866
-20507
5413
49688
-78908
15976
26307
-4124
31774
-71332
-43112
-19656
51342
19972
15583
-5570
48020
-21606
-54023
-65530
74929
72080
-9498
-74825
-27358
-61903
-23815
-5813
-74660
-69479
-67994
47810
42756
37156
-40086
48273
95863
-52488
12435
-3109
66389
65613
77853
84738
-70269
81567
-57580
-96292
-28680
9123
-42550
88724
61978
-42326
33118
6465
80359
13412
-13698
-8463
63502
44706
10985
-93180
-12967
-38364
58491
91857
-47391
-49327
89625
-96727
61627
-28944
58612
78495
73412
2305
-4764
81143
-10919
35819
31554
85174
49641
19944
14462
-64129
-93752
55885
-10237
28102
-42722
-64994
-26635
-71833
-37172
83543
65863
-28026
96363
-22471
-77301
-31392
71416
3559
-67492
-1648
-73358
-21518
91374
54236
-47752
-72824
-56723
82979
4863
-2635
64172
91427
3442
3541
95417
-70218
21315
62668
-9945
12439
-32695
11621
38003
58398
-99390
-13500
-34783
14910
29093
-1117
-36274
87173
-65384
-34770
58789
80495
-62339
11592
7544
57284
-17518
87824
59548
-89944
-90467
-62309
-92304
49536
58347
-83617
73791
5600
93953
97210
35832
-57773
22043
31095
56187
-36449
-59822
66053
-8359
-81727
-69935
26250
-72162
-62586
34344
56798
26228
75754
-69242
-25765
47588
92989
43188
97737
32380
-93204
-46718
90639
66572
-80999
-68634
-49893
-34117
-5126
41623
-36630
-24569
-62494
-49389
32371
75019
-4564
30026
-78622
91989
-76681
60775
37450
-47012
4297
87294
90678
-20125
-18265
75355
-57838
96787
-39529
52382
57581
-78125
88438
49383
66195
-99110
-63772
-39224
75009
39072
55985
46046
-85571
87892
66425
96296
-44736
9994
-22331
93201
68334
62632
-34175
34116
-97603
33558
91774
48431
96017
60719
55646
5526
-9208
-57001
-98241
88955
55834
17786
-89347
88385
-59362
38701
66336
45098
-91260
6393
-58418
26203
-39833
19406
-31940
77692
-54781
68493
-35537
-14678
26201
87083
-27109
81735
-16495
-91854
56620
71323
-91582
716
36182
30882
-4315
92541
-93118
56561
63948
-36038
36930
99924
50076
-2482
-56914
2485
-85624
37876
-18020
12690
-8380
-90803
74548
-72347
-52391
76727
-75500
-67021
21210
86463
99473
-92617
94661
73958
55923
-48552
-6672
-37869
-41430
48330
-91259
59738
62939
24308
96491
-19369
15635
-53315
13882
-22473
-81048
22928
53924
84214
48539
-29847
-20414
-6472
-92610
18147
-94383
93180
85379
53336
-36659
46029
-65521
-81746
-20800
-30649
18365
40314
-38175
10235
51355
-40594
-64722
-53243
-18446
-17819
-80880
81384
-37205
-70422
29048
-549
49201
-56678
73097
-82518
-77249
91195
32743
-48065
-70522
-21890
63660
85574
-42404
780
-25363
-12638
30423
-28531
-24310
-8987
-66176
8434
92241
-22052
-78083
40756
2488
79322
52445
45283
-11686
69195
-77729
92949
-24386
-10180
91767
-39518
-14864
27583
88890
-73448
61989
32633
-3207
20986
21476
48768
5843
-6952
-89450
-77119
77955
78436
-1228
40032
61219
-95614
82911
-6345
99705
-61608
-85145
-95436
16165
-27649
60489
57224
-39720
92571
79354
-16149
-24447
-70168
77776
-24012
16978
-750
95702
49808
77265
-68693
26425
63268
35899
-73429
31097
12766
96574
-42080
14182
62050
80439
73314
-58031
-31618
8328
29398
89111
-24729
-55384
-86744
37540
43961
-6304
-59254
27057
-2862
76646
85070
-19452
26759
39377
61117
87625
35512
96703
-48800
-63833
-83319
40493
92673
50926
21500
4289
87497
1103
78274
92324
70756
9036
38714
-36148
57224
1665
83022
-17541
41550
-87905
-29571
-31696
-22985
47689
-77362
-25305
-35693
6830
59251
-556
-82305
94391
12541
-76091
-4826
83290
-94371
-83727
-96440
27807
82883
-86738
-84900
-30539
-39497
94136
-73147
10613
1802
-81222
10085
-38306
-16010
85714
-80129
19323
-86030
87989
-79149
93938
60988
88381
-7512
-39158
-68025
39216
-14766
-57399
-72659
63911
-25553
-31709
11275
56832
55815
75132
-93229
-90714
-29190
12726
-22820
-47829
2841
-33404
93846
-93236
-38505
-22128
27178
-66104
-74229
57054
-44287
-32250
84095
308
-22084
73951
12261
2818
10029
3280
-82002
41572
-22306
40095
52234
-80394
-62843
96623
-58587
27368
79080
-93890
64314
8051
-60699
35375
51113
-49063
-91059
-5030
30662
-24872
15729
18250
-30068
-10729
2273
42812
40223
27063
91742
19947
-16198
-96669
55553
39091
-25024
-11035
1886
-64074
50762
39062
-91427
-28491
-8688
-73308
17440
-36974
51063
-74873
-73317
-94500
34748
85916
22847
-73456
25404
-55499
39210
-59777
-97829
29438
99460
84915
36500
-6419
-45131
64241
-82033
-28680
12095
22725
21133
-30439
76281
-66051
-21082
37693
-29168
70113
38994
-95694
74407
-94435
73800
-50316
-57212
49065
49230
98826
-47072
-64292
-97993
-19374
-62086
13584
-54243
66364
-83775
-19584
-65621
-95133
-57078
-44981
-92308
25246
-62146
-79474
-78462
-23420
33900
-36767
68342
96907
1081
-66605
-12055
-39875
-71391
-508
68556
26241
26708
-85531
-62934
-41766
-89175
13731
72005
31556
-5345
-91392
-3205
24727
-41148
-52377
51395
22657
15343
25971
-36165
-50630
72295
-76480
51908
41914
95439
57639
-43291
7391
68793
-778
38325
46713
16538
7679
34663
-11232
-84238
-36873
-86196
-14672
-50092
-93263
-22814
-15755
99326
-98118
3543
-93301
68895
69111
-80274
-11398
-57879
-55484
61116
-77919
-74665
60826
-1325
-60723
-36621
-80091
-39718
25807
-64333
-74399
-18717
47306
-65200
-69859
-35196
26600
-97667
-10948
-40527
-95356
34930
-65632
74110
66932
-77012
790
65701
29058
-97014
66295
2341
67727
-21647
15095
20984
47783
69517
-67126
44591
67027
35098
-38044
84024
-41574
90192
-55729
-71139
-29018
20957
-2329
2604
50107
-18166
-70045
-52635
-37730
92230
15131
-87807
-12264
-88048
-59390
35603
-33353
25778
84614
-46661
-44241
40064
-1606
55420
-79865
59312
92142
8650
90456
55451
4928
-53916
11002
58004
-67262
86749
45172
61707
93334
47786
-53584
35132
-92619
-92458
-71079
33855
66556
-36085
62030
-18559
-83864
-37798
-81677
-47703
-25385
-2492
11989
-54864
37067
60479
-8690
-99426
-9999
28141
-20828
13784
-72394
-75360
-62640
-43757
-42903
59420
-8960
24240
59430
92734
-49892
-61715
-75569
-61321
47854
1272
-4280
-56269
-68051
-60453
-50781
16474
92309
78710
88272
32377
-35647
21217
-90461
6828
-51851
24186
-77936
12408
55219
55747
62372
-55822
9760
91600
93584
25150
-84837
-56510
-14692
22853
-32755
92766
96973
-38202
-29759
-2364
-74595
84327
98917
-40220
-20698
93492
-89381
-9266
68838
-46677
47821
-24722
43590
-58032
30466
82648
-76269
-7375
29294
35905
82440
61082
9704
69171
46992
-1178
68844
25378
99516
13263
61881
-48372
-61488
70851
4337
-99662
11874
3776
61251
-48542
63871
-39875
33157
91544
4979
14859
-92834
-70867
71741
97789
-77380
73577
1128
-98102
96951
-97937
78571
-88178
-60360
-2720
-28666
20841
-69911
-39976
-60623
-78579
-71730
44045
69918
-34929
-22727
-37917
-19945
22391
-2477
-82573
-68710
-71889
-81713
38972
88539
-88700
50156
38607
25960
21281
-92894
43099
27943
-13484
-75347
8109
-78857
-12183
70532
40926
-59148
92602
-83132
-28084
-15889
78071
72069
-25698
69142
-88917
95788
-41863
14845
-27466
4022
-67090
-2840
12437
15712
48651
-56679
-34701
-79356
87392
-78998
24184
21583
46315
-28039
31628
81778
45829
20355
-85018
18414
39140
-84841
37372
-62907
-4546
36159
-52987
10052
-19931
34679
23844
-61807
80276
-32598
-88247
-73118
-44531
-88729
-89603
52278
-638
21815
37332
-64768
-34003
-22092
-77376
-88452
-25739
99970
-49868
5114
5291
-18005
3197
-87203
-7078
-67482
5154
-45987
38596
-43587
67228
1152
-35447
-18034
98067
-46290
-40223
31198
-96186
-66776
-44900
-95013
-50894
5441
-80905
-4517
-6577
66081
59696
-18252
-91367
8193
-51706
624
-86710
10883
60785
-89128
-94115
-51053
91908
41420
2234
-95310
-47411
-50766
1854
-41456
11994
-59938
-84797
-88182
-22363
84804
-37765
-43723
14067
-43635
-3675
61540
16758
60201
-14717
60532
-96565
-57810
-18271
-72251
83633
-16521
-87370
-30404
-46922
-71830
91306
-96798
72205
48195
97566
76021
9656
95653
-19027
75391
60755
51444
-62968
-34768
-57950
90740
13360
-75562
71812
75564
74680
71090
89562
69707
-35932
-48963
64097
97078
-41930
20984
40882
52506
22711
-43565
30074
-59421
87431
2498
91813
5334
58769
-97979
-7831
27781
99135
-20527
-88907
64509
-83500
66239
8593
32509
-32950
30463
-38228
38178
-1287
71283
73157
53054
-15555
-79902
16426
-28045
73644
11682
26049
-48840
32736
-83094
-34658
-86632
85740
12888
95352
-95807
66901
-30679
-87433
99703
-60120
-54058
-3993
-79223
71253
-66927
-18663
32912
17978
-11346
-87674
-88478
7911
-96910
79640
-17816
-96303
-12322
-82720
66109
-48558
-25283
27142
93539
68185
53951
6201
-87062
-96365
-2639
-65976
1996
-73282
14731
77167
35830
-23637
77271
90658
27021
14394
-33792
-42487
51616
-36802
42159
-85003
8503
-70513
8953
-55865
-45112
1919
-64459
-29266
87159
-42275
-55542
95519
-99774
-2561
-34981
34330
-36899
87476
-62470
-66263
97062
-15729
20108
3354
98433
-74554
30749
34342
31840
-3082
28390
19757
684
-31692
-80060
-75867
27770
-68080
-82270
-56366
-26076
41881
77800
65362
22138
86501
-31460
-50823
-54387
-13629
69100
-77144
82745
7075
-16266
-36418
89048
17043
-82220
-27389
-95170
90839
43471
-60953
-11805
-77298
-92206
79750
-26285
86541
-185
-46410
32517
-3134
89469
-27880
-74148
-78633
-56462
-72465
-4791
96458
-1539
93950
25951
78588
-71018
-75935
-24259
79879
-26249
-15495
83288
72906
-82598
-63790
-13670
-26138
-61533
-21162
68421
2487
99273
75956
26302
-8120
39522
-51866
-17613
19716
-91102
-81515
26739
2886
-1867
25971
92670
-53109
-57350
-57942
-97541
-14429
-60520
25915
-91232
-84223
-33999
16789
22743
-17549
545
32199
-55038
63683
85931
-99220
38524
13262
34871
90064
26138
80721
29551
-32854
34317
-2808
-92457
-90637
-44313
31193
-87950
55782
96130
-35726
62482
75116
-45806
74372
45479
22294
38886
47061
3112
90612
76446
97240
74150
-33782
-6976
-60165
-72741
-42853
-17139
62851
57330
-29797
-55030
98734
-83508
-52796
-36158
19420
-63416
93830
5304
-59130
92830
32944
64082
-20339
-66641
-85229
-48866
33312
72860
-88009
-7014
60099
-3049
-58103
-83989
-7222
30328
60119
3213
88082
6600
-10849
-48415
-44436
-10457
-20775
-52503
54408
-41994
-48436
88810
40921
-53888
-63953
95142
-63031
-68927
40164
74134
13984
4317
-80189
56870
17640
9378
-55032
-40442
-23600
-23861
-13350
45550
-5095
63857
45274
-8589
64998
84856
94514
2988
93591
98042
-22570
-64834
65952
17548
-85497
-25385
-30426
-64442
76409
29249
63081
35720
-15297
-50658
70973
-69474
95359
66199
98445
-65753
-33253
94158
-4141
451
40429
14646
-60921
94953
28094
-4216
72214
-66511
30965
85084
-87890
-43583
-85225
-89300
-1876
20751
-65677
-88712
-74801
46202
54588
-75085
49205
82658
-48214
-8809
-62793
-66879
-96557
86909
15814
39326
-16102
-21269
77992
-84229
72065
14317
58403
-29667
27797
91760
-42421
-31570
-64599
26743
-27074
-50328
41332
-4827
-24747
-34150
1884
8620
47252
-77127
22497
5568
-90586
67560
54189
80232
-75011
62183
-77216
-11450
75083
-6646
-71651
45735
92513
-37161
99898
64022
71110
42103
14632
10151
-94002
32680
-79814
81630
-55349
-37796
10688
-20675
-94730
13325
-96368
-75559
-86381
-77826
-74175
15993
-52966
-38128
-41015
18788
-74819
-92111
-72550
-67949
-47853
-48486
-66274
-56789
18776
-12550
95148
37206
-82581
-70342
27113
58010
61068
9035
-32997
-42112
-58121
58377
21026
59783
-69222
-85284
-47069
-66745
-19191
-6608
-54639
-26139
15659
-11557
85493
-66947
6157
55814
-9511
-70476
-61913
24331
-4398
-20701
4885
-92860
48259
3206
88426
24779
-10535
79479
76538
70391
-76450
-89216
-3950
70533
-30024
68943
-6118
-43751
24819
10168
-63091
15022
41864
-26317
-58902
-9932
-4024
-29725
-57471
-88479
-48401
-92379
1518
-60581
-62503
64335
55600
-11378
7373
-15074
-36381
-49848
-52914
-73249
98048
-95833
594
-67974
48436
65352
401
19021
15496
-26372
33434
17860
-44411
52059
85447
69135
-17327
34361
8984
91939
28006
-86532
89216
-37066
64153
-92524
94362
34641
-54022
69168
-13600
-32743
15266
49290
99388
-99903
-9940
-70854
-79130
91784
87655
46528
-79221
-19751
-14474
-8897
18135
30086
59110
49507
-38543
39767
-69331
25471
-68753
28620
14242
-53370
-83035
-86603
-22285
9742
-99243
38979
25748
-65245
-96046
-3478
-1230
46919
42030
50971
-87870
77266
-54943
-92803
50605
-6851
-54466
-1854
21416
-98304
-11486
95353
9635
-93300
45122
-12108
83682
63798
-44948
9382
-32563
-67805
-95299
20253
-6858
45641
10512
23718
-98183
-85584
86052
-45658
37518
36381
65578
96456
-28663
71872
-63857
-88548
65041
-35675
99239
-8626
-66619
-67079
-22008
-3474
-35661
65425
63111
35962
85474
38882
73659
-17946
-94665
50124
-76730
65925
3680
8126
-53810
77855
37874
12690
-90720
-50162
17195
-6461
89091
17664
-9411
-45340
10627
-48472
39003
-22140
-39985
2712
-13664
96059
-43483
83089
80756
-62220
-14056
-19091
94024
78020
-938
-67312
-1973
95012
99092
19578
38983
80921
-60384
-35416
-82896
51356
90536
-31818
-12925
-90357
52447
47285
64338
94458
76865
83606
81433
89696
19588
-50440
-51273
12368
-53058
-66726
-46095
-5699
87472
-34192
25033
-52086
63613
-65386
80524
41015
-40245
-56549
64035
-35431
50319
-20774
-2207
35707
59565
21468
26200
81138
-82709
69103
-9806
-67228
8961
-23230
65008
78738
-74331
-31983
-71895
99166
-36172
-37389
-37105
51041
49930
16114
-52282
-40125
72238
42426
-54580
37410
-33558
-31216
65705
6607
-95455
7106
-31274
16076
-25750
-51707
60503
-12164
97989
22720
11082
-9865
-51547
-41206
59895
-35181
-49684
77089
-62602
48657
73231
-62631
96980
-4369
-97506
49626
-44391
88048
72927
30370
-21953
-45404
96690
-193
93463
91166
53217
-76875
61003
-71147
88445
30882
74173
87537
91715
-80977
73189
-49966
-91650
50446
-53157
-96764
44156
-39588
-14126
83934
48782
-12422
1529
33711
-12764
-45305
-62732
-37736
39988
83462
6477
-5375
40151
-48776
-24113
-30370
-75702
5351
-10732
869
-45565
-3218
44593
76269
70539
53496
34646
83660
69966
-87610
50840
-85140
72795
40012
-6817
-32234
-22011
86389
59872
83109
12624
-71280
21135
96389
-56096
-21238
2339
-50341
35494
-28190
32283
-13856
-12940
-30613
-61037
-72852
-90774
70970
-36563
82261
30316
12828
-92958
25989
-58797
-91381
-95953
-69402
66679
32568
-4300
-97518
-31671
-28156
-63345
-80855
62213
-84373
-31115
-20736
-31523
64213
68841
62271
-42166
1296
63092
2767
50999
-68350
86125
-45572
55674
24372
-89981
-62934
-85746
-41237
-64807
44790
20201
43050
-25430
81746
-34378
-61627
54240
95817
-69415
18351
-12189
45827
52342
-73463
-97403
-15674
-70677
-93084
34650
-70403
-40458
-80254
-64313
29687
28645
-89192
41772
-38928
-82401
-1638
-41341
23283
97699
-27054
-35749
-53048
30718
-58936
-78925
-20423
27667
-12056
-97739
-48646
8343
-31131
-81740
80441
-50672
-86351
43263
-15987
-39286
15723
359
30599
-15161
-33036
89202
-49225
36711
67184
-82897
7418
-27711
-3047
18282
60823
-76569
-45156
87128
16639
50462
26699
-29963
-78485
95599
-57308
-75133
-32786
-96694
-24920
-51418
1173
83156
-67186
-38325
31394
-94966
52901
47112
78517
101
-81821
-84320
-60280
-49450
-92972
-75453
91517
-15244
-15356
53455
98453
13314
23459
-724
-73591
-71914
83339
-47138
-50912
59135
-67023
-37783
65757
86512
-89910
77534
69787
-45396
45815
13088
-49729
47465
-87
81267
-57025
50469
88262
-95262
-412
33856
6363
37288
-14378
41357
-63588
-91927
82625
17420
-24608
-62052
5840
-59144
25900
32586
43453
-14586
67688
62356
-88032
-1232
-48695
27058
32325
-77652
97537
2369
-93255
-13179
19961
-50477
11242
21876
93011
10917
-60561
58869
-30171
-98597
-65024
-23716
-42252
512
-6321
-58278
47480
21890
-69718
69771
53320
73046
-17207
-71865
-37491
-14435
-60161
-62420
-86032
-37928
64313
-89439
85683
25606
64744
-41868
-56468
83166
60098
41322
-86510
-69079
-34076
-40733
-43090
-57310
5557
88629
-64125
60713
60960
-24488
16145
51266
-95329
52710
48726
-83149
15673
38556
38982
39264
-22220
-37959
-64884
-17913
-3623
-1795
10453
53176
-87844
88174
-76195
16600
62433
278
49573
-6770
-24374
16471
-49672
91838
88998
-75639
-7948
235
78187
-6231
24343
-56982
13950
82357
-72246
-48579
-31951
91163
-24891
70782
-30669
-31620
-45310
-91274
78574
-3802
75683
74701
-12537
22750
-10260
-48298
89548
91254
-69435
2647
-87419
-76604
-95362
46730
-71712
52213
92656
-19829
37085
93855
-15587
-62351
-64750
54618
13850
37221
62228
-4672
-59793
-14145
89047
-76829
-77788
-11330
-39767
-51795
99653
-23391
99919
66271
96441
-57614
-89676
-44506
87971
-96150
42859
89982
31960
-21724
86171
52709
98968
77605
3526
-95676
40165
-96546
-60769
35141
40687
92877
73570
80471
-85477
93602
86990
82200
-5377
70981
59070
-29155
-27093
-77171
-99240
-4652
-70199
-87974
83407
92417
-92341
-52381
-53827
-90772
-58447
2479
-87350
12703
81853
-86401
-63457
-79656
94469
81735
-10752
60626
-33126
-13129
56619
1657
40260
27582
53574
51208
-35023
-52121
82707
20095
-14155
55310
-73227
-19093
44251
-96134
-6981
-52320
-15975
-27085
54753
-98050
54545
-56615
65630
-22717
59547
78742
22023
4605
55058
-50797
95802
49713
-27250
60682
-65324
-12779
68639
-91142
24111
55472
-22305
66757
94484
-73133
95325
56592
71748
-34474
-21868
-16066
59750
11335
-28822
-8398
-8950
39715
47299
30869
-60587
2276
-6948
-5408
60241
-86928
79968
-60614
-8273
-59186
40325
-34755
90909
-92043
-58140
-21455
83203
-95460
44232
-14089
-49447
28105
86251
-34094
1488
-65086
98641
20707
-74535
-55184
72319
28244
-7662
58838
-4992
72786
-63529
-10355
-84542
18589
-20417
-77158
-91764
11506
99549
8376
-90260
55079
-66979
-98911
45495
91057
85794
-93754
-90194
77842
-28620
-88618
-56383
-3861
71591
49816
39038
14724
66925
-19280
-47557
-65637
-26538
-38970
-54522
-44671
85035
91512
-84717
-19345
-33926
76955
5435
50329
69323
-20157
96151
-38801
-19695
-33784
71212
-75558
-85701
85943
-43732
-10033
94705
89231
-97811
9205
77468
-16483
-23997
31171
78064
88115
63233
44826
69653
-88721
86139
-49243
6313
72677
-11783
43019
35581
7937
-56285
-70429
-24704
94862
6188
63863
38158
-52960
-16352
89449
28042
90868
12562
-5765
-46830
46503
26375
15331
-53530
-27150
20049
83371
-41881
15019
-71869
-17741
-64743
51615
-57582
-23015
67110
-55919
66111
92426
11262
-21506
-1322
23261
-28598
13668
44260
-69622
27286
-1068
-19624
42027
50207
-39063
3518
4888
-93137
-43611
77055
-90776
25844
-23461
33248
62960
44493
-86124
87268
391
38133
6491
-71084
-48261
-44109
29686
86365
-63156
-42471
49233
-54503
-24721
-78379
-6823
68767
-21161
31186
-96555
-28954
51438
72535
-24909
-31681
-36215
-82632
99626
-25852
-41223
-2104
69236
54218
60267
60457
83433
-56173
-69343
-47548
17987
64817
-24751
30402
41220
-53813
-76456
66491
-55896
-85667
-29173
52781
-16861
-32940
97788
81005
-56997
-63022
-35704
-87998
-25186
41052
89039
4210
-52363
-54537
-82486
51572
-95959
92873
-15067
-39005
-42090
-24001
-63386
-78828
40782
2358
24930
10443
3669
-61860
95297
54085
-13605
49844
49125
-5705
-3659
-36928
-81236
37550
79583
53036
-13955
36873
-56239
-13828
-46206
-65371
-44753
-15767
14056
-44728
-10764
-84747
-48915
-91014
3518
-93649
-41451
-63855
-58074
44645
-24580
-58035
-90899
72740
-66275
16781
-78360
-59637
79042
-96449
10151
75087
76368
-70719
-53839
-34476
71156
-42603
43629
-64433
22176
11717
97788
-81066
6251
98900
-829
56841
45502
34941
-71780
6580
53134
34493
45419
57145
-55705
54116
-25288
-78294
10370
12995
30117
-71726
56415
-66541
94868
-17800
47085
-46270
91171
-18357
28151
42546
9174
-44327
58159
-3644
-99139
-46943
28943
80662
99877
4379
47737
-22962
66586
-26364
51919
90094
-22691
91571
-4123
56120
59389
92278
-13238
-89529
63669
72880
53816
32623
70381
-72732
-79296
-99770
28206
-36488
-3059
92320
-45384
95634
-8271
99538
-91482
-57782
-6227
-29312
57402
46021
35985
-45470
-64688
-16409
63738
-70541
22314
-71360
-81105
-76917
-50900
95188
29495
-32520
12705
-29774
93264
-28200
72438
29894
11611
-6518
-32794
-90707
-28668
57962
-2451
-27024
69241
52663
-84761
27356
33273
58205
9970
-26019
-68649
-73656
-93366
41866
80111
-41814
-54586
39886
91797
-82763
-2294
-62129
68627
-77440
75380
97847
-76527
19318
83716
73328
-86625
54041
-45344
-41200
28941
-57453
9884
-8868
33983
18699
-21768
60846
-82191
-82165
12693
-54793
-31169
-96112
27197
53027
9494
-58638
-72178
-64847
60071
-51298
-73187
63478
7836
-84998
-72294
29223
-991
-10647
-8777
32586
86839
15385
2089
14146
-1107
18455
58373
-18169
-12419
3255
-36041
-30102
-20938
-43565
99339
-17095
86954
-85261
24125
-25788
46437
-89081
5370
97922
-76789
-6761
-85978
-68409
-68145
28
-94031
-29009
-85055
-48837
75999
-84216
57714
-83921
-73245
27000
-35875
-24172
1455
-30029
43133
-57748
-4441
92329
-72312
-8807
-21710
37747
-21307
-16432
15073
-6848
86400
7268
-75911
-6591
-30513
-34710
81068
90533
46526
97426
42826
-40499
-13579
92559
-65940
-46662
24693
83611
-87012
-33440
-79951
65042
90259
43650
52112
97704
67236
-92406
-34858
56940
-91827
-66263
-47857
-98527
66254
-81658
73084
19656
-14910
-80122
57097
76952
7378
49658
-36310
73715
4332
60682
29874
-59986
-21919
-5819
9803
-20558
-39797
36614
-80848
-742
5147
-30348
-30477
46503
-21161
-23048
59088
50985
11702
-93379
36475
68688
99312
-63868
-10014
16530
-16585
14029
40557
-96052
-72137
-46652
51964
29701
86408
-787
-26880
-57780
-63145
-54494
-85141
-65235
61559
33241
-63342
-15471
80214
41568
-2679
2608
-28406
1856
-55635
-57375
65760
40051
-70516
-80871
28056
75898
35057
-62679
11648
-39576
64999
-64394
-30069
52597
96474
13939
-18456
-46685
95139
8047
-94860
5937
44391
-89799
-57429
-28967
-20679
84865
-65159
80434
-27827
75777
-71640
-14510
-91790
68528
69401
-64241
99793
-62145
-73596
-74045
41799
-76779
-55477
-44049
-11181
-4915
-45634
20600
46016
69077
-21700
4316
-21992
37325
-80049
-61525
94749
-34069
17794
-94625
-45036
-64468
-57581
-78935
-16113
4587
79368
-14529
-34266
-16741
85097
-499
98077
-44833
-29040
-234
65423
-60542
7214
-79781
44771
-46669
71042
-86706
68405
-65346
-69231
15506
-60049
-77983
-60888
-3462
39641
-4153
51123
-13110
10455
87999
98646
26251
19916
-59291
-72180
-36034
-74573
46875
-43506
-93925
34023
46455
33396
96842
70513
18356
-11644
-67636
-33958
-23345
54166
6715
68269
-46835
87738
-52514
35636
-88012
99659
96422
-75082
7168
-82872
24966
-92023
-92210
17419
-50785
-55033
24898
25942
-10584
25307
75654
24566
-54112
-95312
-40335
-58235
19546
-50683
89982
-7949
98702
2644
-75759
-61515
-7947
52715
32083
-67605
-10963
69020
21611
19247
-81305
-40622
50092
74633
91382
-65550
37758
80218
66743
13041
-787
18352
95983
7352
84494
-54325
90010
-48931
-30118
91882
19501
77985
29003
-99163
58542
-54491
-25921
86784
57384
50409
-28808
-78024
92062
72826
31874
35465
-25445
25275
84793
-86439
-68938
50629
-50077
-42408
20798
-35128
70868
59856
-74846
-73094
34046
11225
40232
-78439
521
43658
76419
-45732
-35238
-24226
-23352
-25015
-55412
95360
5765
-48336
-96677
-14639
-40038
49071
49104
-68813
-26852
19605
8920
-44696
62042
-99166
-50998
74119
43657
-35600
72921
-90878
-95591
-58194
31511
-78319
23459
-17821
14817
-64956
26360
92775
-97902
-46926
-76350
87046
83619
-62
-30006
-52033
-14652
-76059
26306
-77511
-55922
67904
13013
21778
81396
59362
-95569
16306
-85295
54102
99977
38353
84681
91140
-8651
53496
76053
96376
43642
97907
-46021
-15492
61145
58336
31699
41368
-44526
18324
-63201
-89595
16158
-6316
-26073
57879
96019
-55040
-78971
86653
41329
-71448
-52912
-63188
-12921
-66819
70422
-13974
-48520
4335
-52571
-79271
-59344
7056
-92068
-84977
52253
-15700
-52210
-67468
17694
83648
-79544
96950
15913
-74621
64401
66049
71658
76149
52876
52351
-63163
-23231
-50026
-43208
40230
-3217
88566
96319
49052
-37700
-65459
80857
68840
23075
49412
-80498
68216
57430
-67267
-42582
-20642
22075
97422
-73636
25135
-66277
72481
18467
-49805
97498
36286
-47601
-63535
82388
-5320
-63771
96224
66587
-17953
67566
-6921
-8713
-9890
-49110
59835
-19388
-95779
-45925
49458
-62320
-90196
23355
-61636
19416
-24809
40605
-64487
-27602
63263
-13513
-86257
-52349
-71589
92840
-70108
82228
-68282
65688
75221
-26714
85565
-42628
6083
74611
-83255
-1666
-17299
1876
17346
45026
-13589
-5818
-21182
-54702
52456
17241
-74673
-6135
-65884
51262
82032
-26273
8233
-24021
10624
89054
-63942
86874
-31234
76063
10001
1701
-1565
-76218
23694
-36712
-29447
63457
-31758
85093
-41933
45303
72066
-40029
50535
63218
-65848
89781
73917
-62275
-35316
-30724
45535
86794
74331
-91883
96181
-89247
82980
79808
-29336
73064
-26042
-95198
5425
-55177
-6944
13114
8971
-4118
-23357
-3602
55006
38439
29560
27466
-41141
-17305
61820
-68590
61240
-38866
95178
-66160
96625
31999
89215
74346
19663
24384
49063
-17566
-40786
34504
67940
67399
-68632
-90958
82403
64987
-6205
21405
87530
62733
-88532
-85910
4194
83099
-60008
13673
-40751
-83650
-64323
-76133
-30070
-25404
5423
-54940
92578
-77156
-64920
-30624
-10506
-13100
-94039
35025
-79115
28420
-75495
-80095
-2950
14444
41466
42280
429
-69744
3958
-51859
-36446
66185
54362
78374
14136
-96119
24249
-57385
11517
55943
53997
5820
29481
-36153
-16034
68132
39923
-69307
25145
58521
10757
3203
-87428
29404
18444
66524
-96215
-58456
72458
96103
-57838
20382
78114
85961
-81859
-3721
-92044
55520
-34444
-20920
54911
-45169
57970
92949
-28920
-8724
95646
7630
-40248
84172
-63329
27204
76669
-36958
-41656
29636
37038
22905
-47619
-86371
-93412
-65560
48119
-63367
-17727
63067
30600
80575
81175
22560
59005
-13660
48093
901
-53376
4935
-94432
-80149
1446
-16134
12014
-36584
-9320
-39282
-87146
82832
29962
-78618
47912
2614
-17411
18074
-71363
-88791
-19815
23826
13342
92181
-88029
7501
64260
-98080
-92472
84577
-34000
31364
-55781
82799
47314
-15198
-32901
-92410
-96506
-46490
-36033
-37508
57759
9518
14363
49814
32464
14114
-63719
75439
80644
-38446
19988
22860
-21864
-45423
-33005
-4257
79801
-70777
68661
28522
1663
-24611
14919
8105
-89013
-29559
10586
10636
10072
1625
-22141
91393
-83303
45490
47089
-70677
73501
-44590
72612
-43989
-18444
94135
-11613
-78380
89505
22364
-62527
33989
-50964
13810
54646
88396
40597
1795
34977
73357
68676
25394
-42535
60734
-38759
62493
17738
-68719
43478
-40153
57734
-8497
-639
30496
5553
-73269
6405
-2007
-78324
-50847
77941
35501
-81612
42840
-56097
-89324
67338
15585
8616
94437
-61414
-21289
-99073
-5356
56213
-36148
97517
91066
28389
3958
-81206
-98994
89843
-38564
37877
-18620
61869
26715
-16093
24433
-18843
-59659
41709
-39094
-31954
21556
91786
-81662
7969
-66799
-52724
51879
-78020
-34675
-7069
-15969
-33727
92922
94069
81164
15697
3527
-93712
38054
84647
-31151
-14122
92889
-20693
-56423
-59563
-22929
40486
-9973
58146
2393
84386
-70246
39204
97840
73044
78011
11313
26403
26968
-90751
29218
-77863
61161
65886
7036
63123
-93199
35839
46797
-87234
98461
-90101
-644
34329
26607
-99820
82767
-16
15127
75994
53106
-71142
62124
-63482
21820
-1892
16945
-75549
5724
-93758
15363
22648
-12900
-88396
-22437
50015
17651
-90876
50655
91693
47683
603
18512
-66361
-63434
74056
-15473
-48023
76637
-98248
6827
43712
17872
92037
3131
-22387
32104
-89602
-86676
-1997
71365
27302
-85034
10228
93377
-89950
-18292
-97693
83549
-41560
43118
91010
-95983
22668
-71474
75010
9021
13740
55174
-18066
27708
89605
-55804
-86369
76643
-88791
44479
28872
-93670
-56845
49018
-47573
11094
-24621
71528
5074
96256
-31357
-45929
-2873
46600
-41930
53570
-3886
-18762
67469
71505
-477
76441
-38238
54007
-80855
23169
-87638
-83359
-21648
-47701
66881
-34641
10542
94972
-35821
-47533
-72783
7482
22135
15735
-92300
-21250
-80259
875
-48519
46999
31092
-75445
-29568
-43630
-29169
-93561
-42315
-82823
90793
-60070
-99430
-12226
89442
17764
-65917
-85135
23637
14314
-16794
-8338
72702
-24180
-71882
-89063
-50232
23817
65090
48571
39738
23398
72649
-15715
54932
-7054
83222
40427
45299
-58546
81086
96687
69086
67162
-36918
-65161
80347
71130
-65042
87539
-7070
-45926
81548
51980
-99395
-67711
19718
23211
-95616
32280
99319
66475
-94360
74442
1566
61120
24321
43552
-3660
68914
-49305
15118
-91628
-3413
4102
96647
86544
17545
39240
70532
-36926
83999
-3137
-55522
-54124
-29565
29429
-73551
-65155
-89567
-13207
15472
-78704
33195
34138
12854
62405
48753
44216
-57878
3292
85016
13642
-33014
48593
-12341
-73594
-15525
-4663
-24551
-65531
-99389
-68022
80074
44151
15914
15395
99620
63978
54527
49231
76963
-14437
74839
44643
16942
47820
-77621
-98910
82517
-78248
20195
-34636
-86809
-38052
-15176
-65694
80503
-51889
-3731
-5825
24745
67458
98889
-51200
83858
-36800
49427
-5517
37282
-70269
32669
87594
53009
21475
-7631
-91458
-63292
-54402
27730
47103
30551
-53248
1661
46049
-88222
1527
86953
-39509
24510
-55736
-61838
23630
61865
-60283
89507
-51416
75210
35615
64110
-15215
-78837
5288
62435
-68978
-8326
33325
-13450
55640
36732
-27103
35060
75827
63106
-73607
98212
-97186
56344
73135
88550
-19936
-45509
-8012
-34447
-42792
-7835
6379
27493
-60522
-16163
2087
-31015
98259
2570
29302
66708
96595
16895
75452
-98320
-29538
-65034
-67522
6454
-83065
42565
-56202
-69373
-8124
-83393
25474
-38303
-40108
97768
-61584
-27582
10515
88143
22423
-74071
40832
9150
-70566
42345
19786
82535
97288
-29989
46228
-41564
-75115
90160
-83596
92456
74058
-12442
-90627
44136
-98293
52133
20221
30291
45358
42009
-59896
-47850
53321
-83599
32937
46575
-75994
94570
-23039
90544
79498
10475
-86931
-48845
-27624
-75208
-53874
73889
21752
-85896
-9751
29795
65296
-43577
14184
-54093
-76001
-30355
74912
-57260
47768
-41860
-66853
-3356
16518
5765
-6051
69493
1186
-48201
72117
-94952
-84549
81286
9025
-29843
58959
65264
-14669
28932
-50597
61575
-95845
85611
-13262
-17965
-38591
-43054
71204
43448
-73832
-38409
27583
-84816
52742
197
-71145
48939
-69496
99036
37439
-39704
-41668
68577
47147
52513
27410
44653
50680
-56808
-50701
-89358
11744
36326
29835
-86274
7156
26744
-17142
38120
-77991
-65514
21499
-74336
-37505
91968
65650
16430
45979
71122
18700
95018
-4433
-90483
67350
-75153
89906
-93123
-59535
-1850
-7961
47860
81096
-97246
75606
8985
21190
74072
89657
-1827
14804
7977
43197
-12736
-74968
-230
16430
-781
45832
53687
-32292
20899
46957
-77659
31745
-43170
96792
91194
17659
73538
76950
70174
-85630
-53927
52109
-91791
1320
48898
83800
35304
69267
-97043
-11587
-87471
-48871
54275
9670
38873
-32975
-77989
52179
37941
-46957
-30288
38728
96737
-71064
25130
-76020
-78824
-22705
26993
9809
38406
-78519
78999
-27634
36472
7899
-55587
30636
-78187
-51751
-19543
-36777
82207
-12972
48420
-15543
-61158
-93963
68810
-27034
-74323
17334
-49750
72166
52051
-27861
-62325
68940
95124
-19840
24373
96764
-38069
-56913
-82102
-35427
-98585
-65998
-91511
-31331
23069
47078
64367
-52913
-61723
54800
-4933
-80323
90969
36817
48725
28715
-6612
58404
-12587
92178
-63710
78090
12863
-43807
34530
11264
2122
45036
17969
41148
-31465
77679
-42200
7432
51436
-72186
55147
94116
81259
16039
-11129
40154
-74614
-68326
-10074
90721
92674
-27332
57534
-16787
-44651
-26922
66934
49618
53710
-42094
-66248
-99097
34369
-89298
94627
27243
-67193
-17711
-13787
-19069
74380
-28096
27783
-73977
-68942
-43392
73925
-50060
-2896
26473
53488
92177
32984
52362
63052
3656
-85829
86652
-19125
-48496
81717
74603
-48288
-23013
6594
922
-96157
63890
94600
-29178
-52132
-60740
-27827
24132
-97055
-11669
-39802
67721
-90918
89302
56407
87709
-46679
-32297
-39739
23674
-20911
93765
69708
-92051
92885
-93026
94069
-91786
-57908
-92849
34067
-83863
-29473
-44858
291
95077
-91247
-84197
61287
31802
75505
35782
-96917
-30438
-99020
68030
-71486
27440
4986
53939
-3289
50331
-28363
16358
-18513
-72825
-54309
-23746
-89660
79865
-29340
4509
-20068
88070
-50245
-12432
-82753
64584
-59963
28297
-54478
36301
-49566
-50892
16904
96669
-82275
-43666
-90
-1264
-76613
77289
-15450
-7903
50851
-20241
42874
69099
59577
2097
-40977
-56391
-54020
-7451
-61739
-47301
78705
36739
41252
-76659
-95659
-12335
-47784
-9069
61368
69626
31520
23493
58684
-65790
41274
29632
-76066
-73466
-92006
80367
-18452
88928
69130
43441
94588
41397
-96345
75087
-24286
44977
72095
-61768
89605
-85917
-33483
37896
-37510
87232
-97274
-60422
3344
23689
-28825
-83196
83565
50684
59559
-68133
2218
-39593
85608
65317
28366
15041
94290
68021
-81799
73277
50262
40497
16927
81169
99767
58837
15204
-90797
-72811
-15391
8344
-7509
-81268
72310
61217
78985
-69714
-91225
72996
-18710
91818
-29186
-87637
-76751
-61574
-30016
-97360
-43650
36125
73152
-29832
40905
80925
43882
21402
-37126
-991
80873
71667
-97198
38458
-861
5666
-4667
13369
68494
-60984
61449
-86517
-44067
-45978
24919
-32935
-54290
-57901
-78943
-38835
-69359
-91301
-85202
-88591
-69721
74351
-33123
5304
67041
-48484
-90273
-5132
-26345
-28618
82036
-22419
-28815
14701
24265
57440
19534
80723
-64578
27841
-50964
91446
-37137
74230
-31874
65562
-15045
6467
-21690
14824
39985
56776
88881
-36841
13340
-19098
10331
-83385
-76692
-75386
76992
55643
-88146
64026
-10164
32118
-63935
-70953
-48634
52050
75961
-66103
-16103
-21425
39914
-18391
88589
41536
93877
-71270
57690
27330
-52928
-4893
6687
-70700
-38274
-22833
73739
19505
1742
13488
-16033
41013
49749
-29955
84531
-80895
26638
99877
45599
-84593
13030
80743
-65068
95834
99709
-17604
18908
-76331
99541
45966
-57861
35125
-78694
27641
-5386
94088
-80435
-8938
-5864
89669
80952
-25483
14228
-81812
55211
18599
99613
14624
-51891
6903
62746
-64441
36769
-43066
70663
-10295
132
10799
-64303
-45431
16658
-35773
44439
62050
-47243
82796
-10741
-60472
-14985
-75934
-21308
-31839
71778
41981
-77138
49726
-51342
84664
75706
70962
51701
-42953
94420
62117
-9007
91114
56799
85226
97093
77847
49596
-83809
-22349
35922
-91512
-31762
34150
28376
23844
62595
-96897
72078
7122
-96034
-78816
-24496
83772
66652
-59353
82524
-38961
-63915
91864
-85816
-65441
-20026
40902
-12777
-7391
61791
64981
-67731
96380
38627
-12138
-96732
-7867
-21909
-8732
-94479
-19696
-89510
-152
33668
86162
70928
-43816
-39522
-30482
-60000
87588
-80408
16627
62503
36733
12678
84712
-91446
59024
61522
-3982
34931
4016
19805
18224
13190
68503
94331
-81828
-81685
85580
-98371
-49344
-73227
53076
-39967
-33030
69289
25655
-42399
-58648
-35142
-73046
-68275
20507
-64334
6189
-33153
-12876
-227
17944
-45996
46159
26509
95305
47254
-47136
58794
94823
70417
-74304
11108
-41935
-44297
-26205
24790
-85667
18625
6555
-46425
-81502
22220
87748
-88808
57646
-44880
-97919
16471
65300
-7810
-24132
49678
6357
56259
-25551
-92894
-32302
-444
-23009
62780
-95705
28358
25096
-69655
-35682
-87308
42086
-28825
-54838
-6879
72474
-76107
95344
-48502
27434
22002
83008
29
-66430
-51740
2792
25988
-52957
42751
28763
18903
-62806
-34114
-93253
-91180
94258
-36684
9452
72430
97797
13682
46927
64421
-99802
56174
-4915
28207
-86585
59967
-47313
-61207
-8311
1010
-6186
17418
-5850
-91613
98842
56926
-38790
-43795
49373
-26546
-3252
-53532
-81289
66101
-20159
11235
-6
53871
3771
55268
88072
-19223
-27224
-31283
88538
31431
-84168
46987
22615
-80780
62602
-49459
98997
69762
75573
-91154
-24959
88478
97152
-43416
-50944
-6345
65355
3595
-75380
35892
31975
19236
-23732
50963
83850
54364
-99780
-97831
-81700
65229
71643
-52613
36248
-46736
18469
-28707
-89822
31780
-1336
36508
-99332
-45987
-78880
60621
-2319
73373
96416
-78523
28977
22946
15212
-23812
98524
-34425
-8652
33167
67795
39765
64358
50619
-19253
-32810
54686
-11384
1417
89166
-16620
32569
-48275
44881
-77713
-69715
40864
-17809
-24309
-393
50742
49939
-70656
-50645
81136
-14416
17270
-21789
-43699
92607
-3829
-99677
-82012
51990
526
9690
97655
-39108
65821
-16176
20277
-35060
-86056
-14486
509
-30658
149
-18593
-3516
57708
-80462
84097
55904
-54777
-3478
80079
34134
-67182
-31973
-8991
6773
-89899
46964
47933
77283
65917
-13980
-92340
62904
-88743
-15946
-19067
-75810
91695
55908
-50231
4287
-41892
32140
-8568
28533
60988
24343
65853
25573
53094
63029
21438
-36342
-25108
-26563
29645
-872
20620
42133
22944
63861
-86771
28344
29518
-81113
73088
50004
38184
2150
-61396
77935
-30598
46262
-38128
2547
-72639
6097
85255
-94324
-8830
-62087
73109
-6067
27408
75323
33283
-83278
26332
23781
69670
34974
-82898
92510
-10668
-6637
90849
78657
-80581
28407
3923
81857
-98892
-42842
-44256
-92830
-80738
51234
90102
56393
-45390
-27911
-64931
-20179
-49824
67920
-14700
-58808
-72994
-69333
-38803
64961
75347
-80972
-57405
-35667
-63839
-1259
-55135
2806
5674
13640
-59112
-95811
-77156
-69953
36785
-99026
-23993
46316
-33079
-87962
-57519
66613
-56982
79620
-71620
36079
86157
-82158
40387
-44652
3998
58790
-96239
65976
319
-28856
87826
-4934
-65357
-64771
-21562
41551
53521
41392
67396
-87212
11209
-60956
-37518
-3174
-94822
-78373
-84404
82778
1693
4537
-15480
-6702
-28406
9379
-4090
99069
-57051
26670
95956
-39529
-24002
94289
11997
-51682
-10343
-7052
-61258
24339
-23403
35692
-17477
42516
19247
-43171
-31211
-15669
-89791
-16139
34542
25319
-4649
-92430
-8459
51554
-26910
-61956
-78718
-51045
32101
90204
-21917
-26352
-6007
-37567
39128
-62428
32898
-96770
12157
44803
2127
-69632
-92990
-28940
98069
35031
67896
66594
85319
-71971
59750
93438
76768
-72682
-2690
-86701
-20683
85355
-70844
30883
40984
-41044
-59525
88761
-34159
-43962
87757
4375
-55618
13443
90080
-34655
-85199
67221
37047
39575
-19488
-36366
-74932
-22784
-40087
-99380
-49248
-99619
39126
-95638
85675
69482
-36893
-74861
-88539
-43471
-15509
-2669
44978
21006
-82414
30048
21425
9751
14331
39647
21219
-67106
45157
53930
74679
69165
-50365
-3843
99705
90759
-80830
-23895
68099
-83343
23763
-95603
-62436
-48732
-35558
89068
53354
-80697
-22520
-26723
9998
-48044
-31839
74153
21125
-58156
72478
39920
5565
-9482
31822
-80552
-76600
-19758
95869
64071
90464
81423
-22869
9194
-97041
6417
-20068
18203
-6841
-25441
99999
-21019
15757
72422
13029
-90023
24346
-1925
-40737
-4505
73089
52973
55294
-83258
-35932
61424
61975
-19724
-77300
33490
90438
-75250
8558
48103
69530
-35378
-6710
33384
-40829
76492
-36453
-69314
77019
-40492
-43056
46223
58416
-83978
-92119
64437
7525
44347
-10523
-66719
-73171
67208
54550
99668
69849
-43649
35345
-37720
59417
75979
61429
-28185
-67829
83555
-16726
-44303
-60768
-77189
-16046
73599
56062
-65904
-43736
-55741
15832
-18774
-11594
95299
-34340
53115
87429
14762
-51812
-43250
-16726
65860
91116
-44519
11228
-21885
-16494
-34405
61448
29456
98859
6240
-43290
-74485
-60740
35600
-26678
85157
-34175
75122
-29661
-91070
34138
60250
72088
34077
70804
69854
99637
85431
-90463
19191
91665
-25828
-95979
-13077
-34943
-54232
41329
-45752
74594
54834
49655
26722
-4844
-10033
-4948
-80490
32291
-96201
-73274
94351
-52529
44110
-11014
-3481
48870
-59124
-54966
77824
9189
16194
-98499
4821
41508
-82533
34633
-49607
-11675
937
-83906
-93776
25604
-54605
-25136
83017
45770
49108
15370
-41573
-42212
-35319
23278
30450
96904
91587
55650
38919
82661
69088
60942
12535
-98103
-73702
-76937
-10571
-88357
-98937
51277
29984
4214
-77529
67549
-12903
-77646
12879
4593
53044
-63455
4914
76484
38995
-45680
-89855
74764
39582
-26628
-78020
35415
70782
754
37700
27968
-97490
85457
-56813
72450
-28794
10550
45291
-3502
53495
51262
-84480
-90277
-35423
-2384
36214
-64796
-49195
-29994
35287
-44152
25020
-94314
3072
-25476
-50865
-2692
19210
-72180
23947
65870
7438
95316
-66581
-80533
8492
-72215
39829
54939
-82030
90975
-21775
-98511
-24810
-4748
24725
24130
97397
-88147
88835
52483
94517
-29305
-109
94196
5541
34642
18685
-51753
-9930
3291
72624
-97765
87069
-51254
70998
-48504
81184
92078
7561
-87891
59535
-45164
-41356
-89262
86300
4475
-36740
-76231
-52696
-89886
90220
13764
-41205
94836
49002
38685
81707
73403
-80607
-16739
-82361
57338
25271
33339
-75176
59957
12104
-81542
35583
22564
4122
88937
-80894
99298
-30243
61290
34516
-21948
-78135
-4015
-13792
67108
89251
52573
-37339
-64238
-60312
77106
-13177
98907
-47951
31974
-58436
90088
62649
-8550
-90719
-56952
-46295
54631
96591
-86973
-74559
-80198
-50305
-19217
-40699
91416
-51160
-35908
84440
471
8677
56728
-77862
90581
42197
63331
39526
-89096
-42695
-38524
96698
88115
41763
-74900
6030
-82287
-49556
95416
87907
-53858
82296
6823
58739
38298
-87353
2411
-27318
11177
-52800
-17490
39962
69819
-91298
25829
-60682
15607
-99754
-113
-69293
40027
60325
-22358
-96077
-49997
-17655
49926
15906
27138
93403
-3773
31546
-61736
11905
40332
77254
10715
74471
-27638
-35737
-67219
-73099
-23692
-30748
-34576
29608
31509
-92955
-84737
-94068
-54715
-35745
45567
-40873
-87174
-26888
92964
-2786
-27271
5202
-2387
-55274
-18001
-92294
-19291
83240
-31731
-97254
-20530
-90325
61842
38191
20690
-59794
14452
17460
62234
23705
58659
-82369
-85943
10237
45137
-53808
-72815
30565
99443
80011
26012
64056
15761
-14645
-30916
-44049
-28675
-32447
43557
12855
-77700
-69712
-57657
56782
-68135
22420
78015
41253
-87334
-13040
-12211
-17216
91545
-18633
66635
71639
23505
23354
76576
-52395
-57841
-61260
5289
-2740
66999
-11917
89124
7470
-21038
-63490
68024
40673
-90407
-67550
-18942
-59200
5872
-10690
-77980
-35894
20434
80930
15273
46573
-31642
-46442
-71371
37746
47792
-23454
77360
61168
-67169
28423
-31709
-16168
19963
-26481
25933
12361
-61392
48450
-7476
-19648
17950
32272
-63233
-60246
-57522
10695
46004
70037
-12755
66885
17288
50807
61327
14442
1984
-5914
76027
-96520
48254
-64048
79138
-48241
79820
44640
69570
10331
-74572
-87910
73150
77073
94847
-93402
-26658
-30335
-45342
1074
65544
34742
49975
-82430
-24879
447
-99829
12006
182
19154
-43287
-77260
-49542
21992
-22395
91115
-64728
-91937
41254
-59895
48513
-86054
-44588
20470
47751
99198
-5840
-66884
11306
-23708
2779
-52384
76271
13898
-47571
32981
93879
96024
56566
48405
19874
82790
-42020
26980
20657
32155
-8981
15804
-85306
-42285
-15513
9010
17625
35485
-49666
-79692
-48148
79367
-27638
-41347
74330
-44498
16717
32704
-1351
-22233
-53552
-25701
24577
66152
41972
-54713
38224
87873
-1178
-85536
-32273
-15538
-28565
-35310
-85704
-99659
-69416
67941
-58360
-75669
-16725
13390
-9919
69435
85201
90923
-3394
-56604
78067
37136
-65374
-52797
81726
78478
98208
52557
88549
-53612
60114
13014
-58694
-32449
-51069
20746
-46626
68421
-78185
87782
-35870
75379
-23553
-97228
50968
25152
89669
-51766
-31204
-60423
57839
21129
-74325
20454
30919
-81958
-19512
24125
97274
-49300
57567
-33896
5540
63035
49986
-2002
2897
35297
77074
-81454
63460
66940
52766
-43595
76638
-35706
37961
-91184
-78971
17456
-62277
-32617
84117
37329
7076
-52524
87280
35614
-33801
36955
-84809
14532
-32956
-68535
15398
-43550
50379
61765
84556
-46796
-22285
55956
2674
55892
35054
34755
-34858
59155
67551
10815
82042
69878
79153
29746
-88080
61066
-59476
97707
-32977
50725
90582
-78627
-14936
-16045
-68689
9935
47317
-68182
-25117
93700
-65397
-98543
-97867
-95117
-8217
-69115
-58301
62094
-85733
-74246
-84559
41284
-39932
756
-58504
57361
-38105
23636
-9848
96413
92408
-92705
68525
29144
-12660
82449
37855
1107
57080
1747
-72986
39223
40530
-19099
94980
46587
34547
59200
-8691
-34786
-45352
-32031
-69736
23027
64911
64527
-70195
-66464
47274
-13054
-42639
97322
-73186
14792
-55772
-2913
-16348
47015
53289
-92790
19277
-48501
52496
-391
87801
70977
47209
99063
-45714
-73435
6233
10044
64143
35527
-2379
-74061
43131
-26507
68436
-66456
-65147
32120
43011
-89160
87557
76625
89472
-79615
-48808
61684
80780
69468
-9002
32230
87191
-91487
-31427
-98035
-72620
86697
7456
69273
13042
-26751
31813
75397
78928
-97242
-50211
-36681
-99349
-97822
-61291
-64393
18000
61881
51477
65609
4037
80990
-48841
89765
-54205
29486
86407
-93739
18396
-84313
-17394
-57164
15329
-24836
42633
-11936
71656
-26827
79948
4769
39004
65980
76170
-82547
-79079
-22488
-60197
33271
27434
-69366
71584
87261
46336
-71708
-39382
-50742
-77239
-45830
15959
32149
-76470
99753
-53128
46329
46788
-77354
53081
-46971
36032
-21930
-2639
-29091
-91960
-42856
7152
-22790
-54349
49281
-89299
56779
45842
80513
-52788
-96456
-90339
70841
65754
-425
67479
47261
48162
59401
-12200
-11861
77482
-83040
71382
93953
-29640
77096
42226
-95790
-57055
61519
20760
-15471
42494
65835
20938
-41883
67839
57464
46986
-18349
-27746
-14469
-91504
83594
28634
-42285
66617
-61877
-21507
18626
-47483
-16834
31930
76067
-36686
-42550
-29354
59771
-93787
57286
78202
-54189
11319
-28873
-42021
89201
-64019
23136
35431
94234
82
82428
-5530
-69921
-30576
-95833
-47022
7021
12221
-21655
97841
89672
62005
-55409
-26563
-61848
-41180
-20797
62618
-18783
-8162
69865
85484
-73531
33293
-56909
72833
50546
31636
71858
-58635
-81258
44369
21918
-36176
-4508
80645
52592
-92100
-26752
98292
-76923
-40192
2484
-40774
44576
93208
65951
-14191
-60141
-17348
68976
-97431
87669
80979
59007
-84052
71809
-14942
-50880
60271
17513
97893
-88303
-15932
50370
-53223
46036
4285
-32050
32990
-73824
-77085
-18843
-87463
38347
78894
50649
-53757
-80818
36865
69286
33949
-8899
78764
21337
-94795
37803
17214
44057
16362
32405
-40455
-36118
-23499
83289
60258
-98830
74938
-22336
-88169
55986
49573
-32153
-67225
28165
12421
-13395
-88603
-9529
-70483
-13068
-8072
6094
-43689
14427
50458
-67080
-62169
34076
-69518
20911
95066
17162
82314
74115
77869
91511
89327
63515
-15032
77785
-67790
-72702
11590
-28837
69548
-48851
72817
27364
-54231
52853
-53728
95553
61780
27126
25586
-53442
17911
-48036
-10627
88113
28330
-4206
-85178
-84012
-94994
-67910
-2399
13699
17942
-91070
-29274
22733
17078
4073
97642
37324
-33207
-23997
78107
24683
72418
6849
-96521
-51510
42083
-31731
79901
91189
-77021
42608
-64962
-73996
-12725
54866
25325
-97723
-32401
-33879
73135
-48006
95856
65356
46017
-51582
-75614
-47294
-54535
3605
54947
-35081
42308
-23445
2687
-46697
57960
-73777
-54967
16850
42772
-89459
-36879
99376
-89762
-52240
51042
31569
27665
25109
-18997
-66347
-3790
-68696
98206
44604
46468
40941
55653
-563
34789
94101
59022
-47126
14238
60969
-36811
15923
32323
27559
-579
-369
-26013
26186
64368
45113
40023
83808
-33095
-6708
-80269
-24721
44908
11591
43594
25702
47822
-50839
-13439
-54116
83894
48207
5508
69974
16885
93314
-282
-5939
97844
67487
-29960
77747
-19606
-71205
63280
-59414
40292
56801
64612
99352
11519
-14175
-50375
74815
79971
6849
15745
13057
-57907
35484
76027
-93848
-85527
52281
64437
-7163
-41342
-54754
-62055
-72441
50746
-15267
54253
85732
-81469
54588
67382
6602
-80146
47462
-66787
71125
78382
-26401
-99608
-61272
-28040
-2427
-32167
96195
41822
-92983
-82792
-46296
46216
-13705
6710
-58355
87896
-30674
54771
-37061
-49996
-49597
-97303
10624
65189
48155
29248
19118
49321
84740
-10059
56037
35603
19392
-34367
46953
-3979
-27965
853
-23966
33787
73316
84472
87990
93118
70432
45833
-11885
-25952
23748
83350
-2848
20960
60523
-89661
17464
-52047
93395
99364
-62411
-2890
-36380
25852
-97883
73212
-93152
-33130
-35210
66689
88871
7834
14772
-8283
9337
25452
-93379
-35673
-75645
85789
64817
74479
30874
-7529
-68488
21729
87749
-44597
-58017
-23198
56532
88199
85889
47990
64310
7310
84636
30767
-710
52683
-82365
-84442
-23274
52891
-55818
-68651
-80034
6199
-50840
5702
42246
83166
70436
63558
-47132
18320
46287
-86423
62056
-32382
-56754
-74979
-54349
647
96380
-72551
-40085
62428
33357
-64955
-26571
36763
80048
-80794
65872
45777
48946
-14156
11344
-80636
78054
15740
-46048
43795
-21940
-13389
-19506
75989
-78289
76910
58649
-26703
97508
1771
12756
67837
88688
-85670
-65048
-68559
18634
-96288
-63707
-17297
-21702
-42036
-97694
-82746
-85380
99925
80666
29119
43175
50548
51702
74550
-46744
81522
30549
26758
-82568
-35461
72727
-56155
3251
14085
-50943
-48596
14943
67207
32663
79009
-92798
-14158
-89867
91772
98332
-45562
54239
88975
-2148
-78635
85871
-96244
-92622
-59883
17196
22838
-14907
85121
46857
-38551
79733
-19615
-66606
-94064
19975
77313
93703
24266
77736
-25999
-74838
19343
-55825
-10289
-81031
-48046
-98776
88432
31488
-11117
74750
40507
-44463
82157
-70848
-36537
23546
10200
-63761
-34751
-43693
47570
-13766
-60170
-5858
7728
-90110
33017
56437
42429
81977
-90229
-52475
51347
81564
-30060
-13211
30935
-11830
762
29097
80096
-87647
20519
-80426
-23392
-88644
-68560
80151
63576
96119
24764
72927
-61676
21308
-30716
3053
-93110
-11077
23968
25103
-1218
-59602
-84604
-67205
1829
-44159
-41095
38225
68626
13213
-75124
39205
94736
-94346
-89390
17954
-75124
-69136
-10416
44726
62585
34282
-90814
-91760
76965
-95539
-21933
36882
-54765
76178
-39869
-71584
-22526
89958
-53044
9942
20624
50448
-27065
-14809
-2314
82407
-56356
46352
46749
14162
-61483
-97509
3846
93505
-81949
86041
38189
-75057
-44320
-97720
20433
87707
34848
-85730
21462
-5815
-80424
-98889
-63969
-8614
55031
22080
-69627
-46130
-1300
-9103
72316
8939
39746
8970
-54471
-85879
-45287
43334
-53318
53903
76878
-37521
-66151
6188
-26806
53225
84206
-28260
42030
-50364
41848
-60233
46178
-71979
-91344
34564
37347
-98510
-71433
-83898
43520
62840
-86964
-76914
-43945
-33050
28306
87890
-85284
-43080
-36893
-90752
-38869
-65072
63160
13862
-9413
44854
19380
-87101
38146
-76431
-28450
-56666
84274
-98411
88040
5109
-13761
-80438
27248
-68126
-66541
30779
-7820
94264
59381
34948
-59118
-84979
89571
77179
-81017
-17402
82093
-55347
18722
21357
-20665
-30159
5342
42154
-23229
57771
-39729
40017
77873
59917
-1735
-42907
-86407
-46976
44228
11219
25861
-39027
-88032
29343
-81955
88463
94129
77715
10041
-56148
-55979
-55853
-94184
12532
16147
-39762
-52763
-82045
65014
62188
-43762
96581
88848
51230
15193
-89228
57235
-96705
-1797
-14720
32385
-90590
-54082
-11790
-68723
-14924
-30102
-46123
80290
-47421
11726
-55232
-31614
-51059
41060
53787
-50414
-66951
-66662
-50764
-9222
-8356
-34827
5116
37249
-18691
-31101
48095
4522
-85076
-60819
55368
-23970
59517
-61004
-67036
-72708
32756
8939
-48739
-37561
-63437
-72449
-4732
53864
53271
64982
-66513
-70429
8197
-50066
83353
29118
-53548
-74412
-12593
5986
95230
-21631
59247
79973
-81061
1276
-4778
-84496
65852
82986
-20440
-81133
87094
-32621
-20000
-44634
77950
94337
-23501
44770
99579
59522
-63955
-22971
-39634
29299
-60607
55701
77597
-47901
76966
-20056
21599
54166
-94844
74791
25796
-13339
54625
-94451
-96877
32886
-7623
-55011
23246
-75735
49402
52515
-17718
-66581
78102
-31921
-25638
-20129
17178
-59461
34537
56362
13664
97425
-95822
-47261
-40819
43584
-9602
13989
-69712
-15137
2484
-43859
-57324
11082
-80065
-34794
-97553
42031
14430
-75578
-51568
-59244
83198
-56477
2393
-64992
16653
-6048
-22310
-16910
14544
-64767
-49159
-46081
-35588
3912
-69255
-48173
-66142
66774
-59629
73544
-77432
87787
68612
-34316
49606
35388
77166
-77820
-43555
-66934
37878
14742
-33639
-547
-59752
64625
-80335
88830
19528
74092
67637
-3997
99332
20039
-49911
-41208
94450
28430
43958
23602
-51777
-8372
-18988
17207
40153
90687
-3453
-13331
-32544
37678
86466
4249
-95470
-7707
48308
48588
61163
30693
-6142
63476
58703
90524
90872
5598
-35033
-97728
-62524
-87812
-61631
-29129
92601
42013
40174
36460
65191
-95836
-63027
-79089
-54426
73533
-54747
-96270
84770
78607
-53377
-22917
-71240
-19243
89621
17147
52956
-80719
-21658
-37379
-17154
9071
14964
11930
-69170
-12394
61561
99320
-15696
40943
43704
-48346
72746
-58090
-85780
54966
-4923
-13842
59787
-4146
-98241
20076
-61408
74489
4053
92428
76815
46446
41404
59061
65600
-83418
-47479
83938
-95460
-12672
-78413
-95303
49232
-96908
-63142
78391
39293
45402
-7327
-84736
-79016
3018
65289
-35637
57873
15469
-48257
74737
-61077
73477
-47960
-89963
90577
-93888
51322
91361
92314
-65635
-85429
34061
412
-64960
-20766
37178
-22833
24451
-74444
-64798
-96953
-76474
59416
84988
44803
57480
-87387
-52032
45559
5734
99408
26331
41299
-36137
30041
-65896
-46308
90666
-86837
51076
-75642
43024
85814
-91567
-76636
-57372
-92841
-50873
-7817
13602
-78037
43016
20108
-12031
-64625
36115
-99268
-43437
-69916
47690
-27215
-37189
32801
32663
43491
-54559
63492
-43413
-50399
55663
-80140
7496
55644
69395
-18369
58208
52842
-86820
-37960
-65176
-49743
-62115
57553
51735
-84037
75958
-94439
4016
-70725
-95962
13738
-22176
-44000
1436
-57600
72870
-72789
77968
45055
39899
-42897
-14090
-53082
-3111
65013
42203
21485
17344
-77817
95794
-95160
75633
-79792
-74154
-66267
-4359
82354
18216
49756
-81396
26309
7485
-4795
61905
-76900
97843
19085
44078
-62414
-44710
-36350
88442
61358
41868
-67300
-53721
-16635
-91979
-87775
-61294
8637
-77821
86677
-89834
-2229
6157
-2755
-22295
30029
-35353
-44767
7242
-26026
81609
8536
-87361
-83662
46071
-80823
85901
11244
-39095
-62031
80121
12691
-95657
8453
-88954
11734
-29201
72309
-15690
-66849
-7679
33719
-36356
60057
-91959
-2141
33612
5761
89185
23100
-11795
-39492
-22070
38574
-13830
77882
-76056
-52463
66479
-33569
2724
35052
63602
7135
-82977
14206
-73927
-27343
-39045
-38143
-16636
-36340
-15511
34124
50303
89172
79558
71850
-1611
-5500
30650
-47921
1375
21111
51341
95095
-20777
60838
83028
-71584
56945
85484
-38909
68370
-64661
71042
-71644
10963
-30448
72420
47762
98414
-98413
45077
61301
-823
-69209
-47674
-69855
-35917
-45684
-1349
-41096
-67258
47800
-16621
-77521
36410
359
-58487
59148
-45672
50431
68533
88853
10411
-14045
82001
33419
23397
-25374
-93853
51188
-90222
-89960
-29823
-55634
83309
-77282
46360
-38169
-57082
24976
3729
-18651
91575
75750
1536
56670
65791
-35253
12224
-25669
3423
63768
19497
23247
-99598
-86411
-71071
-39381
4650
-82316
-22525
77717
46705
96715
-35410
67468
-97866
89631
1000
56068
92599
51804
61600
37938
-4953
-35146
-88835
36177
5133
41389
-16119
-84709
68421
50563
-75978
-83645
-49554
7645
65760
-4965
67713
62338
-32254
-25274
22420
99686
50583
-98319
40009
29165
-56959
92254
-11886
-55131
-19172
-54439
43802
84323
92511
-35128
9328
-25975
-23752
-78860
55609
48622
-91869
-16914
10364
-30300
92600
-8446
4143
-62574
-67683
-30504
25376
-21430
-99472
25712
34939
65296
-61957
99727
7107
81062
-59950
-54787
-5067
-32916
-39775
2235
-7585
-26020
-14507
-32105
-64812
50768
-44493
-48909
-25563
-87423
-88431
39423
40919
-84367
51286
-53935
19984
-20761
48606
-78821
29665
2931
-88408
-24219
7670
-69361
70199
-97456
18456
-42517
5616
-94016
-70746
-23075
-84546
-40875
47473
-76468
-38120
-38037
77213
-70656
65492
-2883
31245
-78703
50209
-15351
53162
-84538
6720
22396
45578
30199
-76937
-35252
64698
31448
5545
79333
-51136
-57192
-76369
-23873
95955
-79394
-100000
-96554
-37704
-95948
31153
77661
-76433
-62296
-29057
97051
28954
32607
-51209
-79484
-57343
-61980
78454
66810
15536
33790
60588
-67347
16400
97088
-65933
-87174
47381
-44920
64491
97984
93700
-4042
-77410
3628
79977
17841
-53908
53177
-61510
46771
-82463
-44223
-58848
-6173
-12060
-91575
88986
513
-15668
81479
-64904
-28506
-8596
-3094
-10562
-40970
-23651
-36303
90621
46268
50056
-59205
88409
-4815
35368
-70432
18211
-98332
-57991
63633
12444
31131
-46189
-20539
13483
41965
18155
-55182
-30633
-22031
-70695
31895
-89328
25731
-94685
39794
6313
37366
-49141
10495
21146
-62829
-24837
57185
53639
-60084
67337
-22523
66557
3190
-84575
79043
-61804
64231
94342
-85844
29291
-93754
-64332
8052
66598
74874
-66665
93224
87440
-64972
-62692
-77362
-50339
-67223
-43744
47167
-90623
-47731
-40079
-89925
-61851
-77741
11768
-28490
-99111
-97673
29327
93023
3704
-13393
-78853
-52894
-99034
40261
15995
-21615
69584
-13715
98168
91601
-37347
-81885
-70485
-1412
52282
-40924
-19130
-12842
-85721
42519
32787
46628
76601
62006
97706
-84441
-43286
-47914
98806
-99377
-46662
67839
37959
55006
11747
92083
27215
-87070
-3820
13802
-76017
-52059
-62271
81368
-33099
86935
53543
-43739
50622
12730
44792
-20353
-77326
-63733
81458
-81040
-95126
9556
53641
80453
12214
81399
-98544
16902
-85447
83600
-60947
-8165
33802
3281
-90648
29575
-36885
9189
-40911
64523
17456
14051
42669
-2523
36179
-68962
-80551
-2503
-42379
91739
31523
69124
-88680
76000
-49023
-80814
76795
-79313
78116
-3356
69058
-28624
-76620
84123
-53554
2881
-58888
-39853
-3859
53427
-1635
-37980
40293
-30
30825
-61001
-46036
-73048
44678
46162
-51579
537
12545
-2357
35179
82087
-66067
-89702
52121
99145
11535
98230
-29522
-71441
-36491
38597
-71749
68010
91112
83126
39730
-74542
25129
73554
16510
-55120
-2382
-92646
-13524
-17093
-43563
16601
-24754
35498
-71369
19954
-47638
-49800
63769
81845
-12288
-30737
25348
-48475
12238
-46744
21595
55138
17282
53380
-53022
43958
-86175
84880
-14258
13546
-59815
-17671
-52995
-74378
21907
87650
-92649
-64587
-63942
82218
-76624
-88551
-27274
-51164
-78794
18475
30019
-47542
-23827
-11771
-91046
23404
61263
-99833
-99966
18620
70639
-75541
94623
-18425
20804
-83817
67168
53930
-54184
-74930
-10503
3429
-94120
-49838
50431
55723
81846
-17161
-91318
78953
-25307
94598
75861
9709
86803
-12401
36096
48732
14336
-15575
-40933
-57413
-3872
-30590
17935
66077
-53529
-67047
48757
-92714
-23074
49700
24679
-58461
26932
30594
70050
-78519
-44935
-20085
27370
-8108
39401
-3664
-49728
28446
92369
43241
49053
-44784
-89223
-5253
32977
-44414
46759
82650
64624
-36759
37088
-76143
87824
29706
-703
-68491
24880
82715
-33049
32100
-67940
-75949
21980
-17117
-75349
-34720
-11399
8498
-77120
78053
26951
-45204
-36130
-72413
-57746
45746
59126
-40633
-42116
-44194
93249
30105
31474
9919
2194
51562
84252
-46953
-31436
96504
-2529
-70734
26431
24655
-73857
69251
-75353
50470
-42229
91283
-52088
84697
-6142
57882
-91002
-33646
-24635
-9000
-33968
55071
-14252
-9546
1224
-82066
71838
73439
95754
96525
-7063
75591
38012
-55814
-81521
71171
-91441
85315
33613
-99859
11129
-32498
-28878
-67754
-81728
90948
-88836
-65707
-14465
3650
-5487
-17009
-88638
-29138
-79447
-15490
63230
44157
-20556
-10548
-51063
-16117
80621
-42409
-86444
-11382
26826
13131
53551
15349
44981
38565
20135
-96306
39696
-71112
-56120
2563
99565
97884
47638
64672
-35408
41843
73685
86930
-40115
23784
-21016
-26333
-67016
23754
-13705
93740
-67367
82522
92484
73176
-78798
-77749
-7271
42891
58033
-51256
-1429
-59833
-72197
48182
-94105
69349
-78303
60685
49841
8304
-15475
87454
65251
-23431
-80252
-6203
-46428
26772
-23939
5574
97486
47177
21098
-29579
59023
-95182
13723
-82309
-26913
-77466
-84916
-99515
-44257
-83839
80358
17126
-12977
-20394
-16954
68325
-8044
-18474
-88099
65933
-30829
39871
-54466
-71242
88880
-72910
-52392
2213
94832
74556
-29688
53289
-31125
-79913
-59363
-61193
-56586
41270
98911
-9483
58788
-83199
12335
-93294
-82368
28227
82891
-86465
-21338
-45209
69801
-96717
-88356
-99589
-48640
-60229
-17809
-45691
47480
-97840
-95604
-55773
86499
-76579
95930
91267
-29390
60299
28911
-32479
28706
-65168
-22115
-62430
-2689
-81563
-75170
95965
12541
-82695
-99016
-66115
26286
32098
-67728
50108
-91328
-92381
26666
-60270
-13702
-45266
-19724
38322
-85267
78850
-76926
11360
98973
66097
-74810
10546
71423
-84825
-27186
12269
-48340
3843
84444
-72478
-24752
-51710
15319
-52973
-21233
-5266
98737
27544
84037
81758
57394
6448
13772
-65139
-55565
27658
33393
-75109
-61710
-43708
-99642
-46953
87279
35433
-43446
53514
-27109
43537
50362
10833
931
80653
-78331
8861
85412
91876
46859
-74736
-68274
13300
63171
-56467
-97684
-74711
-97663
64064
2150
-2562
-31655
-35313
34036
9452
16033
43933
-89285
-26038
-6181
46010
59767
94923
83876
-72928
32046
43227
16425
-14316
19637
-25001
-70227
-24902
34148
-8402
17704
83753
17346
63744
26985
31439
-49078
-85499
76306
-28917
-55884
-21785
50819
61675
-39946
-20165
94931
-40749
16201
18452
79349
75297
-64030
48642
-25538
-60394
7990
88366
-72252
-41319
-58487
-36181
42126
39826
16899
-51556
-5078
88196
27088
46593
6632
-39267
-66652
-27631
3529
3443
-14876
48121
67387
84710
98732
56981
92625
55136
-23670
51944
82030
84786
-99111
-64588
-11130
17964
-75380
-87034
15351
-55238
47925
18215
-93947
70404
-740
50224
18721
-86152
-50028
-2993
84728
20082
68933
-12840
72110
23095
25739
73585
-97278
84560
47736
35915
-24057
-32900
-85571
53040
-50218
-97763
77109
22793
18949
78397
59288
-26940
66144
20324
-18398
36188
73446
-7993
61107
-87079
11040
95108
-95510
-64283
21710
-55760
-68498
63892
98691
98988
-14767
-78132
3839
51653
-97209
20442
-14147
11742
60404
55309
-91391
-4532
11938
-5540
-10492
-2583
12271
1988
-73658
51208
-82361
-60353
-1723
55798
-94556
-81439
-37733
-32587
52988
-24599
20094
48228
79861
4730
-87504
89616
-12622
24066
-53182
-42678
79452
-83942
91599
-29064
-11422
-67986
78653
-12426
14746
19088
38685
-89035
79725
1094
-68690
78034
43352
8476
19251
-23979
19478
92519
90577
18823
30088
-24967
-17262
-51449
-9454
-34466
64808
65222
66229
-96246
33919
-70282
-66178
-25562
-1329
-25586
94355
-99281
-84112
53821
37466
4351
13614
-94129
37708
26178
-47528
-9005
-40835
90283
-1921
-44075
-38725
-92643
97182
32024
80154
-67721
-26456
-76038
54043
-68676
67150
54342
62995
44888
12059
65633
-66780
-65321
-94436
62255
-94166
-94592
93884
87097
96242
49749
24775
-55985
56585
-8747
-17251
12534
24731
17413
-41666
-35288
-91545
-32987
-58938
-69294
-85060
-48995
58718
19834
11778
48455
-48589
-54395
84844
42519
60573
3482
-59975
-33767
64901
-32386
-39222
86842
-55849
39889
86281
13632
-52022
33469
78927
-80625
-87918
85862
14944
-46182
-92094
61818
-34747
4298
-10017
-28984
-38434
30242
14803
8579
97144
-4021
-89696
22378
-54382
-5026
-58983
29915
57335
-66064
-13683
-59810
-42654
75131
-81844
-22564
-19894
32007
14593
40958
-1916
8860
63166
-77657
-60429
-69475
-87783
34192
-66265
35958
-49569
-4814
66138
-73083
-52919
41237
-7277
20404
9790
-46928
-5196
-43458
187
88566
37841
644
-2881
2120
96810
2338
-2305
39621
9882
87810
-14646
42533
-77682
-27945
78217
-85929
24217
46326
-66284
72687
3126
37594
-23583
-73562
-3560
82109
-27515
90622
3482
71
32662
97860
38466
98371
84100
-98612
-8731
32755
16835
-3379
-9290
84226
-83040
90760
18951
31415
-84873
56359
-54246
-59035
-71971
-25560
-66730
1322
-27933
72732
-55349
43290
74568
-85922
-41197
-70173
-51308
-95087
-22817
-79714
30967
57015
54281
89001
92737
34380
-5884
-15013
-65705
96610
-97581
-2438
-2547
61435
20348
-96564
38863
13838
-59698
45523
-67698
-66226
-73882
-41129
-67632
39962
73588
-48801
25457
-70761
-54102
42049
-9977
-34292
-59598
22996
8499
59402
-86750
-16699
-3950
89639
-10418
-86636
75760
78813
38610
20874
-41414
7959
78275
-37189
52758
-42317
-49373
42930
-1456
35451
55927
-85444
15680
34212
12393
-18604
-2877
8070
10430
-86356
96067
3319
80203
-3561
62898
-96923
44562
67179
83240
-95138
41244
-45053
71698
-52287
-63499
93052
46257
20346
-75216
-23949
-41587
-69187
-22718
57145
-32436
42809
-19761
-69133
80883
-69296
95497
89282
38902
-76137
54018
63978
-74354
-76031
86695
87852
38284
64045
-6229
16067
-59866
56135
87910
79656
-31314
41930
34896
-95638
1097
54807
72526
45476
-34451
-78351
11836
-98165
49905
-35427
42850
82432
22929
71281
40767
39536
-87601
-32907
73235
-63466
51595
-73922
43129
-55859
-28766
7698
-46656
71982
-42531
-15183
-15472
69314
-62864
-90781
-84020
21867
-1744
72156
59271
-77814
-87740
-21511
-5710
-73821
44752
-98910
-74149
23738
47683
4731
93313
-85585
-16698
55298
55943
64520
-18654
-48027
-29825
-80916
-81120
-10280
17914
24013
-60502
-45138
36478
3180
90551
2402
-55387
-73082
92163
1358
-51576
-68722
46870
50331
-49523
-88674
-33072
-7522
57634
-64175
39643
-92562
40496
8848
-20579
47952
55149
36994
-52778
54511
75875
-22703
2330
29228
-39815
54110
17476
40708
87089
-41867
25837
4524
55215
52592
-16020
-17792
97796
-71311
51450
86206
73196
-56595
12668
-12012
18334
-32654
-31102
19723
-4070
85386
33787
-59306
75999
68863
-79810
-74231
68670
-15
79286
80493
-8439
-25117
82941
77660
-58364
-60358
-66596
-5970
-58438
-32275
68325
3466
37176
-37931
90379
-19656
-62562
-77642
-83853
41093
42005
-65783
76285
2626
-53091
-33617
-85639
58937
-63565
-36637
30584
84243
-51593
-66947
-35292
-87668
-5175
-60840
-88518
50251
-2191
-90213
24840
3621
-77802
-69500
53212
63303
59580
40913
37106
-33531
-38580
-22825
-45781
24859
-24553
-53901
-5240
-33814
-35664
